0 0.6814903846153846 0.9074519230769231 0.2668269230769231 0.18028846153846154
0 0.7779086538461539 0.721826923076923 0.4367067307692307 0.24173076923076925
0 0.7750961538461538 0.5007932692307693 0.4497836538461539 0.2003125
0 0.47141826923076924 0.42 0.1629326923076923 0.11350961538461538
0 0.4847836538461538 0.5822596153846153 0.15223557692307693 0.13889423076923077
0 0.3552403846153846 0.5849278846153847 0.12286057692307692 0.11485576923076923
0 0.341875 0.46408653846153847 0.19497596153846153 0.10817307692307693
0 0.2210096153846154 0.06475961538461539 0.2898076923076923 0.12954326923076923
0 0.11084134615384615 0.283125 0.04807692307692308 0.04807692307692308
0 0.05141826923076923 0.27310096153846153 0.06810096153846154 0.038725961538461535
0 0.050745192307692304 0.3826201923076923 0.050745192307692304 0.054759615384615386
0 0.11617788461538461 0.4387019230769231 0.04274038461538462 0.05742788461538462