0 0.2127403846153846 0.25240384615384615 0.4254807692307692 0.13942307692307693
0 0.8473557692307693 0.30408653846153844 0.3004807692307692 0.09375
0 0.7247596153846154 0.9266826923076923 0.20432692307692307 0.14182692307692307
0 0.1649278846153846 0.8139663461538462 0.3298557692307692 0.1428846153846154
0 0.16026442307692307 0.6463701923076923 0.3205048076923077 0.10682692307692307
0 0.1582451923076923 0.47610576923076925 0.31384615384615383 0.046730769230769235
0 0.35389423076923077 0.4794230769230769 0.11485576923076923 0.058750000000000004
0 0.3619230769230769 0.6009615384615384 0.09882211538461538 0.06944711538461538
0 0.8934375 0.3759375 0.13889423076923077 0.05742788461538462
0 0.9074519230769231 0.13420673076923076 0.1776201923076923 0.09213942307692308
0 0.8747355769230769 0.6937740384615385 0.16560096153846154 0.06009615384615385
0 0.4059855769230769 0.8767307692307693 0.07745192307692307 0.08146634615384615
0 0.47341346153846153 0.12687500000000002 0.44471153846153844 0.25375000000000003