0 0.9495192307692307 0.6610576923076923 0.08653846153846154 0.052884615384615384
0 0.9528605769230769 0.2697596153846154 0.08947115384615384 0.11485576923076923
0 0.7592067307692307 0.5769230769230769 0.10283653846153847 0.037403846153846156
0 0.7912740384615385 0.5168269230769231 0.038725961538461535 0.03204326923076923
0 0.4533894230769231 0.2871153846153846 0.1749519230769231 0.14689903846153846
0 0.35591346153846154 0.2156730769230769 0.07346153846153845 0.09213942307692308
0 0.1308653846153846 0.6964423076923077 0.23771634615384615 0.08146634615384615
0 0.3345432692307692 0.6617307692307691 0.19899038461538462 0.08146634615384615
0 0.4907932692307692 0.6303365384615385 0.14557692307692308 0.06677884615384616
0 0.8774038461538461 0.36125 0.058750000000000004 0.10283653846153847
0 0.9388461538461539 0.18228365384615383 0.07745192307692307 0.0654326923076923
0 0.9521875000000001 0.5829326923076923 0.08814903846153846 0.038725961538461535
0 0.9475240384615385 0.49947115384615387 0.10016826923076924 0.056081730769230766
0 0.5822596153846153 0.26375 0.06411057692307692 0.06276442307692308
0 0.6189903846153846 0.3091586538461539 0.03338942307692308 0.05742788461538462
0 0.6684134615384616 0.41466346153846156 0.03338942307692308 0.04942307692307692