0 0.6382211538461539 0.5745192307692307 0.055288461538461536 0.02403846153846154
0 0.16466346153846154 0.27283653846153844 0.2283653846153846 0.11298076923076923
0 0.9411057692307693 0.7295673076923077 0.09375 0.09375
0 0.21875 0.40384615384615385 0.08653846153846154 0.038461538461538464
0 0.7475961538461539 0.5817307692307693 0.04807692307692308 0.02403846153846154
0 0.06971153846153846 0.5757211538461539 0.08173076923076923 0.026442307692307692
0 0.057692307692307696 0.36658653846153844 0.08173076923076923 0.04567307692307692
0 0.1075 0.12353365384615385 0.06009615384615385 0.041394230769230766
0 0.10283653846153847 0.18228365384615383 0.08278846153846153 0.046730769230769235
0 0.2550721153846154 0.1201923076923077 0.07211538461538461 0.06411057692307692
0 0.8500240384615385 0.16826923076923078 0.0654326923076923 0.11218750000000001
0 0.923485576923077 0.29247596153846156 0.07612980769230769 0.08012019230769231
0 0.9388461538461539 0.47610576923076925 0.08278846153846153 0.07612980769230769
0 0.22302884615384616 0.48276442307692313 0.11218750000000001 0.041394230769230766
0 0.19497596153846153 0.5682451923076923 0.12552884615384616 0.052091346153846155
0 0.24639423076923078 0.06411057692307692 0.038725961538461535 0.029375000000000002
0 0.21367788461538462 0.08346153846153846 0.050745192307692304 0.054759615384615386
0 0.8560336538461539 0.052091346153846155 0.04807692307692308 0.06944711538461538