0 0.16105769230769232 0.5504807692307693 0.15865384615384615 0.10096153846153846
0 0.039663461538461536 0.8485576923076923 0.07932692307692307 0.0673076923076923
0 0.23370192307692308 0.7912740384615385 0.1415625 0.0948076923076923
0 0.8251923076923077 0.78125 0.3496153846153846 0.25908653846153845
0 0.7498557692307692 0.2684375 0.19365384615384615 0.3499038461538462
0 0.9087980769230769 0.10415865384615385 0.14557692307692308 0.20834134615384617
0 0.3405528846153846 0.747860576923077 0.08012019230769231 0.06411057692307692
0 0.27377403846153847 0.3285336538461538 0.06944711538461538 0.16560096153846154
0 0.2771153846153846 0.45605769230769233 0.07612980769230769 0.08146634615384615
0 0.5775961538461538 0.7225 0.11884615384615384 0.08012019230769231
0 0.10951923076923077 0.8213221153846154 0.09348557692307692 0.08012019230769231
0 0.27749999999999997 0.2235096153846154 0.0673798076923077 0.136875
0 0.2732451923076923 0.5277644230769231 0.07165865384615384 0.07807692307692307