0 0.19591346153846154 0.6598557692307693 0.11778846153846154 0.036057692307692304
0 0.5324519230769231 0.7451923076923077 0.07451923076923077 0.07211538461538461
0 0.4735576923076923 0.7247596153846154 0.052884615384615384 0.055288461538461536
0 0.07211538461538461 0.7127403846153846 0.13942307692307693 0.03125
0 0.3278605769230769 0.6857692307692307 0.16158653846153845 0.06009615384615385
0 0.2784375 0.5795913461538462 0.07346153846153845 0.029375000000000002
0 0.08413461538461539 0.41466346153846156 0.09882211538461538 0.04942307692307692
0 0.08413461538461539 0.2717788461538462 0.07745192307692307 0.052091346153846155
0 0.2517307692307692 0.26776442307692305 0.11084134615384615 0.08947115384615384
0 0.23771634615384615 0.34521634615384617 0.11485576923076923 0.08947115384615384
0 0.23302884615384614 0.44805288461538456 0.14824519230769231 0.10016826923076924
0 0.41466346153846156 0.46675480769230765 0.0654326923076923 0.041394230769230766
0 0.41466346153846156 0.3839423076923077 0.06276442307692308 0.0440625
0 0.4206730769230769 0.30314903846153846 0.053413461538461535 0.037403846153846156
0 0.41533653846153845 0.23971153846153845 0.056081730769230766 0.046730769230769235
0 0.42533653846153846 0.5475480769230769 0.041394230769230766 0.018701923076923078
0 0.37661057692307687 0.5602403846153846 0.03204326923076923 0.022692307692307692