0 0.07932692307692307 0.8233173076923077 0.15865384615384615 0.17548076923076922
0 0.7487980769230769 0.7475961538461539 0.20432692307692307 0.09134615384615384
0 0.9182692307692307 0.7019230769230769 0.15384615384615385 0.08653846153846154
0 0.3918269230769231 0.6875 0.0625 0.02403846153846154
0 0.08173076923076923 0.5877403846153846 0.16346153846153846 0.08413461538461539
0 0.6105769230769231 0.7259615384615384 0.09615384615384616 0.0625
0 0.32091346153846156 0.6730769230769231 0.055288461538461536 0.019230769230769232
0 0.11016826923076922 0.38194711538461534 0.22036057692307692 0.2510576923076923
0 0.536201923076923 0.4987980769230769 0.19899038461538462 0.10283653846153847
0 0.8132932692307692 0.31317307692307694 0.15759615384615386 0.12420673076923078
0 0.8019471153846154 0.19831730769230768 0.1428846153846154 0.11084134615384615
0 0.8386778846153846 0.4921153846153846 0.12286057692307692 0.07879807692307693
0 0.7986057692307693 0.4160096153846154 0.16826923076923078 0.0975