0 0.6646634615384616 0.3713942307692308 0.3389423076923077 0.13701923076923078
0 0.7439903846153846 0.6742788461538461 0.5024038461538461 0.18509615384615385
0 0.24759615384615385 0.8341346153846154 0.17307692307692307 0.08653846153846154
0 0.18896634615384617 0.4533894230769231 0.10283653846153847 0.030721153846153846
0 0.09348557692307692 0.42134615384615387 0.09348557692307692 0.03338942307692308
0 0.18295673076923077 0.3973076923076923 0.10951923076923077 0.03338942307692308
0 0.18629807692307693 0.34721153846153846 0.10550480769230769 0.04540865384615385
0 0.1903125 0.29312499999999997 0.10016826923076924 0.038725961538461535
0 0.19230769230769232 0.23704326923076924 0.09882211538461538 0.046730769230769235
0 0.06877403846153846 0.23971153846153845 0.1375480769230769 0.03338942307692308
0 0.07012019230769231 0.2971394230769231 0.1348798076923077 0.022692307692307692
0 0.06944711538461538 0.35990384615384613 0.13889423076923077 0.03338942307692308
0 0.08879807692307692 0.4887740384615385 0.1776201923076923 0.058750000000000004
0 0.1749519230769231 0.5629086538461539 0.13355769230769232 0.05742788461538462
0 0.023365384615384618 0.5415384615384615 0.046730769230769235 0.028052884615384615
0 0.5408653846153846 0.09213942307692308 0.283125 0.18430288461538463
0 0.11617788461538461 0.8079567307692308 0.16826923076923078 0.06677884615384616
0 0.3218509615384615 0.11151442307692308 0.09882211538461538 0.05742788461538462