0 0.5769230769230769 0.7259615384615384 0.08173076923076923 0.02403846153846154
0 0.40865384615384615 0.3532211538461538 0.30983173076923076 0.05742788461538462
0 0.36324519230769237 0.4059855769230769 0.2216826923076923 0.050745192307692304
0 0.5255048076923077 0.37793269230769233 0.10283653846153847 0.03204326923076923
0 0.5301923076923077 0.4186778846153846 0.08278846153846153 0.022692307692307692
0 0.5401923076923076 0.4553846153846154 0.10016826923076924 0.029375000000000002
0 0.4520673076923077 0.49012019230769227 0.0975 0.03204326923076923
0 0.5341826923076923 0.4987980769230769 0.07745192307692307 0.03338942307692308
0 0.3278605769230769 0.49612980769230763 0.15625 0.025384615384615387
0 0.3271875 0.4487259615384615 0.16026442307692307 0.04540865384615385
0 0.41533653846153845 0.5822596153846153 0.33653846153846156 0.02137019230769231
0 0.36992788461538456 0.5408653846153846 0.2564182692307692 0.04540865384615385
0 0.3565625 0.635673076923077 0.2216826923076923 0.02137019230769231
0 0.7338461538461538 0.6684134615384616 0.0975 0.046730769230769235
0 0.7331730769230769 0.4968028846153846 0.12552884615384616 0.04540865384615385
0 0.713798076923077 0.33387019230769227 0.1348798076923077 0.06144230769230769
0 0.6971153846153846 0.18896634615384617 0.13889423076923077 0.08146634615384615
0 0.6977884615384615 0.03204326923076923 0.12687500000000002 0.02403846153846154