0 0.39903846153846156 0.7019230769230769 0.07211538461538461 0.02403846153846154
0 0.8521634615384616 0.7716346153846154 0.2620192307692308 0.125
0 0.3161057692307692 0.6814903846153846 0.055288461538461536 0.021634615384615384
0 0.6057692307692307 0.46634615384615385 0.09615384615384616 0.038461538461538464
0 0.6797596153846153 0.762548076923077 0.12552884615384616 0.11752403846153846
0 0.17161057692307694 0.7665624999999999 0.10817307692307693 0.0908173076923077
0 0.056081730769230766 0.8386778846153846 0.11218750000000001 0.15490384615384614
0 0.5181730769230769 0.4974519230769231 0.08814903846153846 0.09213942307692308
0 0.8446874999999999 0.39463942307692307 0.14557692307692308 0.10016826923076924
0 0.8940865384615384 0.4807692307692308 0.12954326923076923 0.058750000000000004
0 0.845360576923077 0.283125 0.13889423076923077 0.10415865384615385
0 0.8346634615384616 0.17026442307692308 0.12286057692307692 0.12420673076923078
0 0.8153125 0.06144230769230769 0.0948076923076923 0.10682692307692307
0 0.7285096153846153 0.45072115384615385 0.07612980769230769 0.038725961538461535
0 0.1689423076923077 0.4567307692307692 0.0948076923076923 0.13889423076923077
0 0.05543269230769231 0.3478846153846154 0.11084134615384615 0.16425480769230769
0 0.5635576923076923 0.7057932692307692 0.09882211538461538 0.06276442307692308