0 0.4553125 0.4977403846153846 0.2743269230769231 0.6674278846153846
0 0.26795673076923077 0.7593269230769231 0.2078605769230769 0.1583653846153846
0 0.716923076923077 0.3075480769230769 0.21492788461538462 0.05798076923076923
0 0.7280288461538462 0.1639423076923077 0.22302884615384616 0.04509615384615385
0 0.07317307692307692 0.3874519230769231 0.10723557692307692 0.3952644230769231
0 0.716923076923077 0.035360576923076925 0.0565625 0.03675480769230769
0 0.7211538461538461 0.08978365384615385 0.06221153846153846 0.02403846153846154
0 0.6554086538461538 0.12372596153846153 0.07211538461538461 0.0296875
0 0.5366346153846154 0.09615384615384616 0.07211538461538461 0.1498798076923077
0 0.7791346153846154 0.6787259615384615 0.13009615384615383 0.06221153846153846
0 0.9176923076923077 0.17038461538461538 0.10180288461538461 0.04100961538461538
0 0.033221153846153845 0.27221153846153845 0.06646634615384615 0.5415625