0 0.3018990384615385 0.32875 0.23896634615384615 0.1343269230769231
0 0.9312740384615386 0.23754807692307692 0.13745192307692308 0.14139423076923077
0 0.8257932692307691 0.30401442307692306 0.113125 0.12442307692307691
0 0.7352884615384615 0.3605769230769231 0.07353365384615385 0.06788461538461538
0 0.776298076923077 0.6504567307692307 0.06504807692307692 0.08766826923076923
0 0.8279086538461539 0.7084374999999999 0.08625000000000001 0.13009615384615383
0 0.37543269230769233 0.6822596153846153 0.05514423076923077 0.07776442307692308
0 0.37824519230769227 0.5847115384615384 0.05230769230769231 0.06927884615384615
0 0.30685096153846153 0.5832932692307693 0.06788461538461538 0.09192307692307693
0 0.38038461538461543 0.08555288461538463 0.113125 0.1541346153846154
0 0.3075480769230769 0.8173076923076923 0.08060096153846154 0.13858173076923078
0 0.21704326923076925 0.9180528846153847 0.11454326923076923 0.15908653846153847
0 0.7253846153846154 0.5776201923076922 0.0565625 0.04665865384615385