0 0.9658173076923077 0.4316346153846154 0.06512019230769231 0.03769230769230769
0 0.5517548076923077 0.5512740384615384 0.13634615384615384 0.060216346153846155
0 0.9648557692307692 0.3881730769230769 0.06769230769230769 0.03516826923076923
0 0.7143509615384616 0.578125 0.19189903846153847 0.057283653846153845
0 0.963389423076923 0.3481490384615385 0.06733173076923077 0.032596153846153844
0 0.911610576923077 0.15661057692307695 0.05899038461538461 0.03649038461538461
0 0.9199278846153847 0.2285096153846154 0.05975961538461538 0.033846153846153845
0 0.9184615384615384 0.34276442307692306 0.027740384615384615 0.03314903846153846
0 0.05091346153846154 0.3600961538461539 0.05389423076923077 0.05117788461538461
0 0.35420673076923076 0.3478605769230769 0.5104567307692307 0.07069711538461539
0 0.41783653846153845 0.6370192307692307 0.1201923076923077 0.11735576923076924