0 0.16759615384615384 0.6079086538461538 0.30713942307692305 0.06009615384615385
0 0.13151442307692307 0.28634615384615386 0.26300480769230766 0.0834375
0 0.3535096153846154 0.3584615384615385 0.14423076923076922 0.0636298076923077
0 0.8512500000000001 0.3626923076923077 0.09615384615384616 0.10322115384615384
0 0.3202884615384616 0.18807692307692306 0.2219951923076923 0.0791826923076923
0 0.8215384615384616 0.6483413461538461 0.11596153846153846 0.04384615384615384
0 0.676610576923077 0.5627884615384615 0.04100961538461538 0.02545673076923077
0 0.37259615384615385 0.5613701923076924 0.07211538461538461 0.03394230769230769
0 0.08129807692307692 0.18451923076923077 0.05514423076923077 0.03817307692307693
0 0.09050480769230769 0.1201923076923077 0.08766826923076923 0.02545673076923077
0 0.26158653846153845 0.12584134615384615 0.113125 0.06504807692307692
0 0.3916826923076923 0.5026923076923077 0.04807692307692308 0.0296875
0 0.39098557692307695 0.45389423076923074 0.05230769230769231 0.03110576923076923
0 0.23259615384615387 0.0629326923076923 0.04665865384615385 0.03252403846153846
0 0.33300480769230767 0.05939903846153846 0.03252403846153846 0.02545673076923077
0 0.32663461538461536 0.09826923076923078 0.03675480769230769 0.035360576923076925
0 0.3245192307692308 0.1364423076923077 0.035360576923076925 0.03252403846153846
0 0.39805288461538463 0.13221153846153846 0.035360576923076925 0.021201923076923077
0 0.3931009615384615 0.16896634615384618 0.03110576923076923 0.021201923076923077
0 0.3916826923076923 0.20290865384615384 0.03675480769230769 0.026875
0 0.1449278846153846 0.05514423076923077 0.14846153846153845 0.11028846153846154
0 0.29199519230769233 0.4326923076923077 0.06079326923076923 0.03675480769230769
0 0.958701923076923 0.2467548076923077 0.06221153846153846 0.09192307692307693
0 0.21350961538461538 0.2488701923076923 0.03959134615384615 0.03675480769230769
0 0.23120192307692308 0.016971153846153844 0.06079326923076923 0.03394230769230769