0 0.05372596153846154 0.3584615384615385 0.10747596153846153 0.4567307692307692
0 0.4121875 0.643389423076923 0.12584134615384615 0.05939903846153846
0 0.5076442307692308 0.4284615384615385 0.0791826923076923 0.05939903846153846
0 0.49278846153846156 0.6256971153846155 0.11735576923076924 0.04384615384615384
0 0.4963221153846154 0.5627884615384615 0.08201923076923076 0.02826923076923077
0 0.4942067307692308 0.5012740384615385 0.09473557692307691 0.04100961538461538
0 0.776298076923077 0.08060096153846154 0.10180288461538461 0.06221153846153846
0 0.7904326923076923 0.21564903846153843 0.05939903846153846 0.05230769230769231
0 0.4567307692307692 0.15625 0.07634615384615386 0.3125
0 0.32521634615384615 0.6497355769230769 0.11596153846153846 0.04949519230769231
0 0.7034855769230769 0.06151442307692308 0.08060096153846154 0.04384615384615384