0 0.43942307692307697 0.39247596153846154 0.14305288461538462 0.049567307692307695
0 0.29264423076923074 0.5224519230769231 0.15548076923076926 0.06728365384615384
0 0.4157211538461538 0.5274278846153846 0.09899038461538462 0.03959134615384615
0 0.2828125 0.6886298076923077 0.15271634615384616 0.05939903846153846
0 0.41925480769230766 0.6561057692307692 0.08908653846153847 0.06221153846153846
0 0.5231971153846154 0.6391346153846154 0.11596153846153846 0.04242788461538461
0 0.34997596153846156 0.16757211538461536 0.23331730769230768 0.11735576923076924
0 0.7918509615384616 0.6645913461538462 0.11877403846153846 0.07634615384615386
0 0.5295432692307692 0.25098557692307694 0.07495192307692308 0.04949519230769231
0 0.6002644230769231 0.5359134615384615 0.06646634615384615 0.09615384615384616
0 0.9722836538461539 0.6801442307692308 0.05543269230769231 0.03959134615384615