0 0.6733413461538462 0.6167067307692308 0.07848557692307692 0.019086538461538464
0 0.031153846153846157 0.5947355769230769 0.056129807692307694 0.031490384615384615
0 0.9418990384615384 0.5834855769230769 0.03403846153846154 0.018125
0 0.9311538461538462 0.4035576923076923 0.12043269230769231 0.05581730769230769
0 0.821298076923077 0.28223557692307694 0.10596153846153845 0.1727403846153846
0 0.2922355769230769 0.7558653846153847 0.24437499999999998 0.06408653846153846
0 0.911610576923077 0.5502884615384616 0.030552884615384617 0.025673076923076923
0 0.10485576923076922 0.5874038461538462 0.08038461538461537 0.028100961538461536
0 0.8784134615384616 0.4799759615384615 0.08649038461538461 0.020961538461538462
0 0.03283653846153846 0.4846153846153846 0.06360576923076923 0.0488701923076923
0 0.9760817307692308 0.5751923076923077 0.021875 0.023725961538461536
0 0.669423076923077 0.5517548076923077 0.09076923076923077 0.022620192307692306
0 0.5854086538461538 0.22341346153846153 0.05091346153846154 0.2205769230769231
0 0.29341346153846154 0.4871394230769231 0.14564903846153848 0.04665865384615385
0 0.6674278846153846 0.4920913461538462 0.10180288461538461 0.02826923076923077
0 0.036057692307692304 0.5528846153846154 0.0636298076923077 0.04242788461538461