0 0.8051682692307692 0.9267548076923077 0.11028846153846154 0.12610576923076924
0 0.17627403846153847 0.7297596153846153 0.3442548076923077 0.14134615384615384
0 0.5986298076923077 0.7851682692307692 0.04016826923076923 0.05942307692307692
0 0.6655288461538462 0.8339903846153847 0.05358173076923077 0.062307692307692314
0 0.6611298076923077 0.2156971153846154 0.10069711538461538 0.23473557692307695
0 0.7138701923076923 0.850576923076923 0.080625 0.09966346153846153
0 0.30346153846153845 0.5981490384615384 0.09399038461538461 0.06983173076923077
0 0.5791105769230769 0.5366105769230769 0.05233173076923077 0.09930288461538463
0 0.7675721153846153 0.15576923076923077 0.10822115384615386 0.09704326923076922
0 0.6484375 0.06829326923076923 0.04713942307692308 0.12420673076923078
0 0.9682692307692308 0.9776201923076923 0.05778846153846154 0.044759615384615384
0 0.020336538461538465 0.721201923076923 0.03860576923076923 0.08879807692307692
0 0.2488701923076923 0.49348557692307693 0.05939903846153846 0.03675480769230769
0 0.1060576923076923 0.37682692307692306 0.18947115384615382 0.16543269230769228
0 0.2205769230769231 0.2828125 0.09050480769230769 0.0565625
0 0.27502403846153844 0.39026442307692305 0.06646634615384615 0.05939903846153846
0 0.5571153846153846 0.7437740384615386 0.04807692307692308 0.03959134615384615
0 0.24322115384615386 0.1088701923076923 0.08201923076923076 0.06504807692307692