0 0.03834134615384615 0.49 0.07502403846153846 0.11314903846153847
0 0.3847596153846154 0.2595192307692308 0.1561298076923077 0.09387019230769231
0 0.8432692307692308 0.18896634615384617 0.10358173076923077 0.11084134615384615
0 0.47608173076923077 0.4406730769230769 0.09930288461538463 0.06927884615384615
0 0.7856490384615384 0.7763701923076923 0.05348557692307692 0.06257211538461539
0 0.8403365384615384 0.7827163461538462 0.14293269230769232 0.07641826923076923
0 0.03954326923076923 0.23033653846153845 0.07805288461538461 0.05283653846153846
0 0.5586057692307692 0.3066346153846154 0.12572115384615384 0.1269471153846154
0 0.5141586538461538 0.19177884615384616 0.05834134615384615 0.06574519230769231
0 0.5287980769230769 0.5122115384615384 0.037259615384615384 0.06197115384615385
0 0.5805769230769231 0.803701923076923 0.12377403846153846 0.08629807692307692
0 0.625 0.6733413461538462 0.07237980769230769 0.06951923076923078
0 0.23009615384615384 0.5346634615384616 0.028774038461538462 0.030625
0 0.5302644230769231 0.6948317307692308 0.07019230769230769 0.054495192307692314
0 0.647451923076923 0.9409134615384616 0.3244711538461538 0.11632211538461538
0 0.6254807692307692 0.616201923076923 0.140625 0.027259615384615386
0 0.28197115384615384 0.6035096153846153 0.05975961538461538 0.05420673076923077
0 0.6230528846153847 0.47362980769230767 0.2831971153846154 0.13685096153846155