0 0.22766826923076922 0.606610576923077 0.3167307692307692 0.06504807692307692
0 0.2205769230769231 0.485 0.16403846153846152 0.04524038461538461
0 0.03394230769230769 0.38319711538461537 0.06788461538461538 0.05091346153846154
0 0.036057692307692304 0.16896634615384618 0.07211538461538461 0.05514423076923077
0 0.5309615384615385 0.5323798076923076 0.04949519230769231 0.03817307692307693
0 0.40581730769230767 0.5712740384615385 0.06221153846153846 0.022620192307692306
0 0.45177884615384617 0.5578365384615385 0.04384615384615384 0.012716346153846154
0 0.46026442307692306 0.4821875 0.035360576923076925 0.014134615384615384
0 0.4637980769230769 0.4114903846153846 0.03675480769230769 0.016971153846153844
0 0.34925480769230766 0.4574278846153846 0.04242788461538461 0.021201923076923077
0 0.03252403846153846 0.6101442307692307 0.06504807692307692 0.04949519230769231