0 0.23754807692307692 0.6377163461538462 0.16403846153846152 0.07069711538461539
0 0.6879326923076923 0.6150961538461538 0.3945192307692308 0.09050480769230769
0 0.29199519230769233 0.18170673076923077 0.18240384615384614 0.1626201923076923
0 0.21139423076923075 0.43127403846153844 0.20502403846153847 0.08766826923076923
0 0.05444711538461538 0.762860576923077 0.1088701923076923 0.14846153846153845
0 0.3655288461538462 0.4114903846153846 0.08060096153846154 0.08201923076923076
0 0.35420673076923076 0.598125 0.10322115384615384 0.08766826923076923
0 0.5549999999999999 0.44966346153846154 0.12302884615384616 0.02826923076923077
0 0.6999519230769231 0.18665865384615385 0.16120192307692308 0.14139423076923077
0 0.7854807692307693 0.41925480769230766 0.21069711538461539 0.07211538461538461
0 0.8809375 0.10747596153846153 0.09615384615384616 0.10180288461538461
0 0.6370192307692307 0.4121875 0.06079326923076923 0.04100961538461538
0 0.942451923076923 0.40581730769230767 0.10038461538461538 0.03959134615384615