0 0.7006490384615385 0.7133653846153846 0.21350961538461538 0.08625000000000001
0 0.6999519230769231 0.23896634615384615 0.21492788461538462 0.07634615384615386
0 0.9058173076923077 0.19653846153846155 0.18834134615384615 0.11028846153846154
0 0.9022836538461539 0.7345913461538461 0.19540865384615386 0.10322115384615384
0 0.06221153846153846 0.7748798076923078 0.12442307692307691 0.16120192307692308
0 0.17038461538461538 0.7133653846153846 0.20221153846153847 0.1088701923076923
0 0.14423076923076922 0.6419711538461539 0.2488701923076923 0.09899038461538462
0 0.1364423076923077 0.4263221153846154 0.27290865384615387 0.1060576923076923
0 0.3379567307692308 0.5917788461538461 0.11028846153846154 0.05230769230769231
0 0.37259615384615385 0.6349038461538462 0.06079326923076923 0.05091346153846154
0 0.3174519230769231 0.6561057692307692 0.0636298076923077 0.08201923076923076
0 0.3174519230769231 0.2806730769230769 0.06646634615384615 0.09192307692307693
0 0.3895673076923077 0.36622596153846154 0.06646634615384615 0.05939903846153846
0 0.19019230769230772 0.17180288461538462 0.1626201923076923 0.1541346153846154
0 0.1951442307692308 0.08625000000000001 0.15271634615384616 0.16968750000000002
0 0.05798076923076923 0.05725961538461539 0.11596153846153846 0.11451923076923078
0 0.4553125 0.5917788461538461 0.05091346153846154 0.03817307692307693
0 0.37824519230769227 0.14069711538461538 0.08625000000000001 0.09192307692307693