0 0.08483173076923077 0.8936538461538461 0.16968750000000002 0.19795673076923076
0 0.2870432692307692 0.8052884615384616 0.23754807692307692 0.1343269230769231
0 0.4383413461538461 0.7487259615384616 0.10180288461538461 0.0636298076923077
0 0.5599519230769231 0.7480288461538461 0.1272596153846154 0.06788461538461538
0 0.6278365384615385 0.6992307692307692 0.07634615384615386 0.04949519230769231
0 0.973701923076923 0.7395432692307692 0.05259615384615384 0.07634615384615386
0 0.37824519230769227 0.34925480769230766 0.02403846153846154 0.08766826923076923
0 0.41288461538461535 0.35209134615384613 0.03394230769230769 0.113125
0 0.4369230769230769 0.3690625 0.02826923076923077 0.08766826923076923
0 0.4581490384615385 0.3485576923076923 0.03110576923076923 0.13151442307692307
0 0.4779326923076923 0.3464423076923077 0.03675480769230769 0.13009615384615383
0 0.5111778846153846 0.3421875 0.04100961538461538 0.1470673076923077
0 0.5415625 0.30685096153846153 0.03394230769230769 0.08201923076923076
0 0.5656009615384615 0.3096634615384615 0.03110576923076923 0.04807692307692308
0 0.5967307692307693 0.29199519230769233 0.02545673076923077 0.09473557692307691
0 0.6617548076923078 0.32240384615384615 0.09615384615384616 0.16968750000000002
0 0.7310576923076924 0.3358413461538462 0.03110576923076923 0.14
0 0.78125 0.3047115384615385 0.07776442307692308 0.21350961538461538
0 0.8696153846153846 0.29129807692307697 0.08766826923076923 0.22625